19700618 Con 1020674	38.0	23	71
19700618 Lab 1197068	44.5	44	71
19700618 Lib 147667	5.5	3	71
19700618 SNP 306802	11.4	1	71
19740228 Con 950668	32.9	21	71
19740228 Lab 1057601	36.6	40	71
19740228 Lib 229162	7.9	3	71
19740228 SNP 633180	21.9	7	71
19741010 Con 681327	24.7	16	71
19741010 Lab 1000581	36.3	41	71
19741010 Lib 228855	8.3	3	71
19741010 SNP 839617	30.4	11	71
19790503 Con 916155	31.4	22	71
19790503 Lab 1211455	41.5	44	71
19790503 Lib 262224	9.0	3	71
19790503 SNP 504259	17.3	2	71
19830609 Con 801487	28.4	21	72
19830609 Lab 990654	35.1	41	72
19830609 Lib 692634	24.5	8	72
19830609 SNP 331975	11.8	2	72
19870611 Con 713081	24.0	10	72
19870611 Lab 1258132	42.4	50	72
19870611 Lib 570053	19.2	9	72
19870611 SNP 416473	14.1	3	72
19920409 Con 751950	25.6	11	72
19920409 Lab 1142911	39.0	49	72
19920409 Lib 383856	13.1	9	72
19920409 SNP 629564	21.5	3	72
19970501 Con 493059	17.5	0	72
19970501 Lab 1283350	45.6	56	72
19970501 Lib 365362	13.0	10	72
19970501 SNP 621550	22.1	6	72
20010607 Con 360658	15.6	1	72
20010607 Lab 1001173	43.3	56	72
20010607 Lib 378034	16.3	10	72
20010607 SNP 464314	20.1	5	72
20050505 Con 369388	15.8	1	59
20050505 Lab 922402	39.5	41	59
20050505 Lib 528076	22.6	11	59
20050505 SNP 412267	17.7	6	59
20100506 Con 412855	16.7	1	59
20100506 Lab 1035528	42.0	41	59
20100506 Lib 465471	18.9	11	59
20100506 SNP 491386	19.9	6	59
20150507 Con 434097	14.9	1	59
20150507 Lab 707147	24.3	1	59
20150507 Lib 219675	7.5	1	59
20150507 SNP 1454436	50.0	56	59
20170608 Con 757949	28.6	13	59
20170608 Lab 717007	27.1	7	59
20170608 Lib 179061	6.8	4	59
20170608 SNP 977569	36.9	35	59
20191212 Con 692939	25.1	6	59
20191212 Lab 511838	18.6	4	59
20191212 Lib 263417	9.5	1	59
20191212 SNP 1242380	45.0	48	59
20241212 Con 692939	25.1	6	59
20241212 Lab 511838	18.6	4	59
20241212 Lib 263417	9.5	1	59
20241212 SNP 1242380	45.0	48	59
