19700618 Con 13145123 46.4 330 630
19700618 Lab 12208758 43.1 288 630
19700618 Lib 2117035 7.5 6 630
19700618 SNP 306802 1.082958 1 630
19740228 Con 11872180 37.9 297 635
19740228 Lab 11645616 37.2 301 635
19740228 Lib 6059519 19.3 14 635
19740228 SNP 633180 2.021324 7 635
19741010 Con 10462565 35.8 277 635
19741010 Lab 11457079 39.2 319 635
19741010 Lib 5346704 18.3 13 635
19741010 SNP 839617 2.872937 11 635
19790503 Con 13697923 43.9 339 635
19790503 Lab 11532218 36.9 269 635
19790503 Lib 4313804 13.8 11 635
19790503 SNP 504259 1.616082 2 635
19830609 Con 13012316 42.4 397 650
19830609 Lab 8456934 27.6 209 650
19830609 Lib 7780949 25.4 23 650
19830609 SNP 331975 1.081724 2 650
19870611 Con 13760935 42.2 376 650
19870611 Lab 10029270 30.8 229 650
19870611 Lib 7341651 22.6 22 650
19870611 SNP 416473 1.277178 3 650
19920409 Con 14093007 41.9 336 651
19920409 Lab 11560484 34.4 271 651
19920409 Lib 5999384 17.8 20 651
19920409 SNP 629564 1.871760 3 651
19970501 Con 9600943 30.7 165 659
19970501 Lab 13518167 43.2 418 659
19970501 Lib 5242947 16.8 46 659
19970501 SNP 621550 1.987470 6 659
20010607 Con 8357615 31.7 166 659
20010607 Lab 10724953 40.7 413 659
20010607 Lib 4814321 18.3 52 659
20010607 SNP 464314 1.761119 5 659
20050505 Con 8784915 32.4 198 646
20050505 Lab 9552436 35.2 355 646
20050505 Lib 5985454 22.0 62 646
20050505 SNP 412267 1.520499 6 646
20100506 Con 10703654 36.1 306 650
20100506 Lab 8606517 29.0 258 650
20100506 Lib 6836248 23.0 57 650
20100506 SNP 491386 1.657288 6 650
20150507 Con 11334920 36.9 331 650
20150507 Lab 9344328 30.5 232 650
20150507 Lib 2415888 7.7 8 650
20150507 SNP 1454436 4.734810 56 650
20170608 Con 13667213 42.4 318 650
20170608 Lab 12874985 40.0 262 650
20170608 Lib 2371772 7.4 12 650
20170608 SNP 977569 3.0 35 650
20191212 Con x x x 650
20191212 Lab x x x 650
20191212 Lib x x x 650
20191212 SNP x x x 650
20241212 Con x x x 650
20241212 Lab x x x 650
20241212 Lib x x x 650
20241212 SNP x x x 650
